1.4524959892370122
1.3276461513851339
1.1651918020198733
1.0252803743324694
0.9324959614104125
0.8938323451260399
0.8794200053228279
0.8838112658561197
0.8817468283547805
0.8836244449405422
0.8820653411318331
0.8833405196201609
0.8823204997039151
0.8830424787837019
0.8825992007041428
0.8827447597817275
0.8828929280399325
0.882457414493939
0.8831921245724814
0.8821894877643937
0.8834862623321491
0.8819489515745912
0.8837639215107498
0.8817426479934812
0.8840128782307757
0.8815762409043904
0.8842202010915388
0.8814541765088761
0.8843723564922293
0.881379652607498
0.8844553227319072
0.8813545966575145
0.8844553227319074
0.8813796526074982
0.8843723564922292
0.8814541765088757
0.8842202010915389
0.8815762409043901
0.8840128782307759
0.881742647993481
0.8837639215107498
0.8819489515745913
0.883486262332149
0.8821894877643937
0.8831921245724815
0.8824574144939386
0.8828929280399322
0.8827447597817275
0.8825992007041434
0.8830424787837018
0.8823204997039154
0.8833405196201607
0.8820653411318335
0.8836244449405419
0.8817468283547802
0.8838112658561195
0.8794200053228283
0.893832345126041
0.9324959614104156
1.025105027581104
1.169611606659998
1.3276461513851343
1.4524959892370104
1.5148329757222474
1.5027134943735856
