2.25579307032775
1.9437190838763097
1.67531486803193
1.602412908893088
1.5598361974744066
1.5928820608578653
1.5734601712557914
1.5914192274634407
1.5749742135641864
1.589318148190269
1.5767868312098399
1.5870293515598752
1.5788458659528444
1.5846470182112744
1.5810898598252914
1.5822596177563453
1.5834486725421824
1.5799489312125696
1.5858442018141339
1.5777891763375909
1.5881912065619235
1.575846235865591
1.5903982330328335
1.5741769886454746
1.5923686438188218
1.5728287436808879
1.5940017497765004
1.5718387770720086
1.5951940448489572
1.5712339718592623
1.5958405437893461
1.5710305607686867
1.5958405437893388
1.5712339718592725
1.5951940448489341
1.5718387770720321
1.594001749776468
1.57282874368091
1.5923686438187792
1.5741769886455077
1.5903982330327888
1.5758462358656278
1.5881912065618788
1.577789176337629
1.5858442018140928
1.5799489312126065
1.583448672542146
1.5822596177563792
1.5810898598252598
1.5846470182113053
1.5788458659528182
1.587029351559901
1.5767868312098219
1.5893181481902894
1.574974213564173
1.5914192274634553
1.5734601712557834
1.5928820608578764
1.5598361974744066
1.580077898926877
1.6604911492166927
1.9437190838762757
2.2557930703277367
2.483530452100009
2.5745345488288427
